88.857864 83.274872 -30.925329
88.795021 83.258316 -30.640612
106.204895 81.003807 -30.831064
88.797546 80.797394 -30.711348
94.706566 80.768982 -30.496033
97.729988 80.446426 -30.184238
97.664719 80.453079 -30.798361
94.903786 80.397095 -30.000000
94.903786 80.343185 -30.790665
95.101074 80.293098 -30.788742
97.664604 80.182259 -30.728069
97.468597 80.147179 -30.786818
96.547440 80.051430 -30.600805
95.693146 80.078400 -30.841127
95.298424 80.025696 -30.779121
95.035309 80.022522 -30.359596
97.664452 79.857239 -30.119568
97.859993 79.781937 -30.596367
97.794846 79.789169 -30.477093
97.729660 79.796219 -30.178909
95.824692 79.860825 -30.356932
98.386734 79.716103 -30.417456
96.940674 79.757660 -30.712086
96.875198 79.762146 -30.415384
96.809677 79.712433 -30.591927
95.495789 79.756531 -30.828697
97.859848 79.565010 -30.708534
95.824692 79.645218 -30.706760
98.516129 79.480125 -30.649490
98.451347 79.489418 -30.767580
96.087685 79.584846 -30.117496
95.430000 79.594955 -30.528738
95.364212 79.594856 -30.528738
95.561577 79.540665 -30.761810
95.232635 79.540154 -30.820410
98.653458 79.405243 -30.471172
97.267494 79.407722 -30.818336
97.729424 79.362617 -30.759884
97.533676 79.382973 -30.409168
95.824692 79.429611 -30.757961
95.495789 79.433182 -30.641352
98.126465 79.315704 -30.409168
97.924728 79.286224 -30.757961
97.337547 79.293312 -30.581568
96.940559 79.271423 -30.232035
96.875092 79.276016 -30.348053
96.678535 79.288574 -30.464069
96.612961 79.292358 -30.580088
96.087685 79.315262 -30.232035
95.495789 79.325401 -30.638096
98.386154 79.172073 -30.697880
96.875069 79.167984 -30.807980
96.547363 79.187996 -30.461702
95.824692 79.214012 -30.000000
98.911568 79.036636 -30.522079
98.321182 79.072319 -30.752190
97.664078 79.098648 -30.692554
96.219101 79.148972 -30.000000
96.153397 79.151344 -30.518084
95.298424 79.163414 -30.805908
99.040306 78.960022 -30.578608
98.975922 78.971115 -30.752190
98.717720 79.013542 -30.520748
98.653008 79.023659 -30.636469
98.450760 78.999504 -30.577129
96.284782 79.092453 -30.803837
95.495789 79.109833 -30.344501
97.794334 78.975830 -30.746418
97.729195 78.983139 -30.401917
96.744034 79.014603 -30.400883
95.758919 79.053452 -30.629957
93.065666 78.975830 -30.803837
98.450623 78.890610 -30.344501
98.385849 78.899963 -30.401917
97.402847 78.962524 -30.572689
96.940475 78.947235 -30.514088
96.875023 78.951904 -30.342724
96.744026 78.960609 -30.571209
96.547340 78.972122 -30.628330
96.087677 78.991753 -30.742571
91.948723 78.872749 -30.805908
99.039963 78.795959 -30.631584
98.975609 78.807137 -30.803837
98.846687 78.828903 -30.689003
98.579910 78.816803 -30.515419
97.859344 78.859810 -30.285604
97.794258 78.867355 -30.228483
97.272026 78.920433 -30.742571
97.201965 78.872452 -30.626701
97.136642 78.877953 -30.683674
96.940468 78.893204 -30.341837
96.875015 78.897881 -30.512756
96.153389 78.935646 -30.797621
96.087677 78.937836 -30.626701
95.956200 78.941589 -30.341837
95.890450 78.943146 -30.455784
95.824692 78.944504 -30.056973
98.652740 78.805542 -30.801764
98.061050 78.835091 -30.799692
96.087669 78.883911 -30.340950
93.854126 78.834282 -30.000000
93.788734 78.829178 -30.000000
93.130905 78.820480 -30.455784
97.533432 78.787193 -30.795547
96.481712 78.813660 -30.623447
96.021942 78.831985 -30.793476
98.060974 78.726440 -30.511425
97.598656 78.726234 -30.510094
97.533409 78.733017 -30.793476
96.284767 78.768829 -30.508760
95.956200 78.779861 -30.791405
95.890450 78.781433 -30.734877
93.261345 78.726234 -30.793476
92.539223 78.691467 -30.227299
98.910782 78.599533 -30.568249
97.337387 78.698029 -30.395702
96.481705 78.705734 -30.789333
96.416077 78.709000 -30.789333
96.350433 78.712051 -30.789333
96.153381 78.719948 -30.732952
95.693146 78.731003 -30.225525
92.935814 78.634933 -30.791405
98.320663 78.582626 -30.000000
98.255806 78.591721 -30.678349
98.190887 78.600616 -30.678349
96.743973 78.636604 -30.674797
96.678444 78.640717 -30.393631
96.612885 78.644608 -30.562330
96.219078 78.663589 -30.281166
96.153381 78.666016 -30.168699
95.758919 78.676163 -30.731030
92.669113 78.600616 -30.678349
99.700386 78.448967 -30.454599
97.598579 78.563660 -30.787262
96.940376 78.568985 -30.785191
96.350426 78.604156 -30.673019
95.758919 78.622261 -30.729105
93.196228 78.556610 -30.787262
99.700211 78.393921 -30.566769
97.793991 78.487640 -30.785191
97.728889 78.495125 -30.616936
97.663742 78.502396 -30.448681
97.337334 78.535660 -30.729105
96.481689 78.543854 -30.223747
96.416069 78.547134 -30.223747
93.196259 78.502396 -30.560850
92.935959 78.472061 -30.729105
96.678413 78.478737 -30.725258
96.612862 78.482666 -30.781048
96.350418 78.496269 -30.334734
98.255577 78.374100 -30.671246
98.190689 78.383087 -30.615307
96.678406 78.424744 -30.111282
96.612854 78.428680 -30.000000
93.723549 78.391251 -30.667694
93.066093 78.379135 -30.334734
93.001045 78.371414 -30.334734
92.936058 78.363480 -30.446312
99.305313 78.253899 -30.729105
98.255524 78.319695 -30.669468
97.663643 78.339752 -30.667694
97.598465 78.346870 -30.778975
97.136429 78.337173 -30.221973
96.940323 78.352829 -30.554932
99.176842 78.223473 -30.447496
99.112564 78.235397 -30.783119
97.995598 78.300156 -30.612053
97.923843 78.254883 -30.554932
96.678391 78.316750 -30.719486
96.612839 78.320709 -30.774830
93.658295 78.277435 -30.442760
98.190529 78.219917 -30.277466
97.201683 78.223335 -30.772758
93.985146 78.249565 -30.220787
93.854309 78.239708 -30.607168
93.788948 78.234459 -30.662365
93.392082 78.252159 -30.719486
92.799393 78.237404 -30.776903
92.475029 78.192139 -30.721409
97.467896 78.197990 -30.772758
96.743889 78.204567 -30.660589
93.658348 78.169235 -30.660589
93.326843 78.191238 -30.662365
93.196457 78.177086 -30.662365
99.635162 78.022095 -30.500771
99.240646 78.046829 -30.554932
98.125504 78.120010 -30.275986
97.923691 78.091972 -30.385344
97.533127 78.137047 -30.715639
94.181633 78.154762 -30.054901
93.522781 78.156738 -30.495441
93.457436 78.150391 -30.495441
92.475174 78.083199 -30.607168
100.091499 77.864380 -30.388451
100.028137 77.879295 -30.499437
99.634804 77.911972 -30.221380
97.598282 78.021645 -30.273766
94.181656 78.046768 -30.546051
97.533051 77.974472 -30.709867
94.116150 77.988533 -30.762402
93.985214 77.979401 -30.653486
92.799614 77.965630 -30.492779
92.734650 77.956879 -30.438026
92.208466 77.932533 -30.494110
100.356506 77.744095 -30.387417
99.698151 77.788055 -30.110098
99.368111 77.802101 -30.000000
99.304138 77.814850 -30.658813
99.240089 77.827385 -30.603912
98.586823 77.888412 -30.000000
98.384537 77.865288 -30.600658
98.319817 77.874901 -30.546051
97.598221 77.913223 -30.653486
97.467773 77.927132 -30.490116
97.402481 77.933769 -30.326744
97.201530 77.898712 -30.000000
97.136253 77.904472 -30.380165
93.789062 77.910019 -30.651711
93.588226 77.946396 -30.272285
93.522850 77.940186 -30.272285
99.047348 77.809021 -30.383272
97.728439 77.844208 -30.434475
97.663338 77.851715 -30.543091
97.532990 77.866089 -30.706020
94.181679 77.884781 -30.162483
93.588242 77.892273 -30.543091
93.522873 77.886047 -30.706020
100.090485 77.643021 -30.274506
98.973267 77.713013 -30.544571
98.909019 77.724564 -30.435658
98.586670 77.779266 -30.217829
98.521988 77.789589 -30.544571
98.449020 77.746437 -30.380165
92.410980 77.746437 -30.706020
99.175568 77.675186 -30.707943
99.111382 77.687424 -30.435658
98.651199 77.714134 -30.271545
97.532936 77.757690 -30.378094
94.509628 77.794930 -30.700249
94.050713 77.767982 -30.107731
93.919853 77.758324 -30.646383
93.854477 77.753159 -30.592518
93.789131 77.747787 -30.754114
93.457581 77.771286 -30.054012
97.728317 77.681435 -30.592518
93.919868 77.704269 -30.483456
92.079910 77.637741 -30.758257
97.995125 77.648102 -30.538652
97.923210 77.603119 -30.537174
97.598061 77.642136 -30.429737
94.116211 77.664467 -30.160707
93.653709 77.681831 -30.429737
100.494133 77.430374 -30.764473
100.417625 77.394684 -30.762402
99.441872 77.512009 -30.379128
99.367096 77.472389 -30.648159
99.046776 77.535065 -30.054012
98.982475 77.546982 -30.000000
98.908531 77.505653 -30.000000
97.995079 77.593750 -30.590889
97.923149 77.548790 -30.482124
94.116226 77.610451 -30.427372
94.050751 77.605911 -30.267107
93.985313 77.601151 -30.641056
99.175018 77.455734 -30.053865
98.908401 77.450912 -30.214870
98.650848 77.495682 -30.483456
94.838081 77.591934 -30.745827
94.247269 77.564888 -30.692554
94.181740 77.560776 -30.426186
93.985329 77.547104 -30.745827
93.653740 77.573601 -30.747898
98.982254 77.437424 -30.483456
98.779671 77.419029 -30.696400
98.715256 77.430145 -30.589262
97.663078 77.472031 -30.426186
94.772362 77.535896 -30.159376
100.945457 77.193611 -30.760330
94.181755 77.452759 -30.635729
93.919952 77.434006 -30.529774
99.771515 77.274811 -30.537174
99.046303 77.315804 -30.587635
98.982033 77.327850 -30.480793
98.779457 77.309654 -30.692554
98.715057 77.320831 -30.586006
94.903816 77.432098 -30.211319
94.838081 77.430183 -30.211319
94.509659 77.417267 -30.316977
94.444031 77.414017 -30.581123
93.723991 77.363510 -30.422634
98.383652 77.265755 -30.211910
98.254311 77.285339 -30.688705
98.059814 77.313110 -30.211910
94.247299 77.348915 -30.158043
91.749649 77.248688 -30.319641
99.046051 77.206146 -30.637505
98.383568 77.211227 -30.316977
97.994812 77.267570 -30.316977
97.929802 77.276199 -30.158489
95.166862 77.329697 -30.367733
94.903816 77.324272 -30.682934
94.378433 77.302589 -30.472801
93.920006 77.271828 -30.682934
100.943718 76.969551 -30.752041
100.881516 76.987709 -30.752041
100.819199 77.005676 -30.644608
100.024361 77.049126 -30.372913
98.585777 77.178711 -30.581123
98.254173 77.176399 -30.316090
98.059715 77.204323 -30.263407
97.994766 77.213196 -30.474133
95.232635 77.276596 -30.681011
94.312866 77.244888 -30.419083
98.585693 77.124092 -30.737541
98.189354 77.131470 -30.735468
94.838089 77.214516 -30.470139
94.640984 77.207359 -30.679089
94.509674 77.201454 -30.679089
93.854691 77.158394 -30.417900
93.789375 77.152855 -30.522375
101.082375 76.871964 -30.374985
99.631454 76.974937 -30.475464
99.440392 77.016678 -30.739613
98.383316 77.047638 -30.471470
98.318703 77.057648 -30.209541
98.254028 77.067444 -30.523853
98.189285 77.077019 -30.471470
97.994675 77.104446 -30.628626
94.903824 77.162537 -30.208359
94.706673 77.156036 -30.520895
94.640984 77.153419 -30.677162
94.575317 77.150574 -30.677162
94.509674 77.147499 -30.312538
99.237640 76.948776 -30.735468
99.173691 76.961647 -30.472801
98.585518 77.014847 -30.628626
95.232635 77.114914 -30.571358
94.969566 77.110336 -30.727180
92.541374 77.003143 -30.731325
99.173538 76.906723 -30.000000
98.778656 76.926682 -30.470139
98.585426 76.960213 -30.417900
98.253883 76.958473 -30.052090
98.189156 76.968109 -30.052090
98.124359 76.977516 -30.208359
95.364212 77.061935 -30.103588
95.166862 77.060219 -30.517937
95.101089 77.059189 -30.569729
91.026497 76.873215 -30.316090
101.142853 76.684387 -30.318752
101.080971 76.703400 -30.425003
99.896599 76.802795 -30.525333
99.769836 76.832779 -30.577868
99.567253 76.823608 -30.628626
99.503601 76.837631 -30.733397
98.520782 76.916351 -30.312538
98.456154 76.926910 -30.520895
95.495789 77.008041 -30.309874
95.430000 77.008163 -30.309874
95.035324 77.004021 -30.671392
94.838089 76.998848 -30.258228
94.706673 76.994247 -30.000000
89.192078 76.627693 -30.160263
101.142349 76.628136 -30.688705
101.080490 76.647194 -30.582752
99.833031 76.762566 -30.576241
99.375862 76.810013 -30.313425
99.173225 76.796852 -30.625074
99.109222 76.809616 -30.625074
98.916718 76.846649 -30.156269
98.520699 76.861740 -30.675240
95.495789 76.954155 -30.000000
95.430000 76.954269 -30.411980
95.298424 76.953812 -30.720966
95.232635 76.953232 -30.102995
94.772377 76.942734 -30.257488
99.769394 76.722198 -30.156712
98.980843 76.779678 -30.623299
95.561577 76.899918 -30.308098
95.298424 76.899918 -30.667545
94.969566 76.894714 -30.513496
94.706680 76.886383 -30.513496
94.640999 76.883728 -30.616196
99.832550 76.651886 -30.729252
99.439323 76.686165 -30.467474
94.969566 76.840805 -30.665621
94.772377 76.834885 -30.614418
99.832306 76.596542 -30.727180
99.768936 76.611588 -30.467474
99.172737 76.632004 -30.258228
98.916367 76.682213 -30.309874
98.778053 76.653000 -30.566473
98.713768 76.664551 -30.514977
98.584969 76.686996 -30.669468
95.627357 76.791550 -30.408428
95.561577 76.792130 -30.459482
95.232643 76.791550 -30.051054
95.166862 76.790733 -30.000000
101.341423 76.395325 -30.682934
98.520363 76.643257 -30.718895
95.758911 76.735786 -30.407246
95.693138 76.736839 -30.712679
99.375008 76.534653 -30.566473
95.956177 76.677322 -30.253788
95.890434 76.679077 -30.050758
95.824677 76.680595 -30.609093
95.693138 76.682938 -30.253788
95.627357 76.683762 -30.406061
92.736084 76.596397 -30.663696
105.231361 75.750099 -30.607168
98.713425 76.500374 -30.204214
95.627357 76.629868 -30.404877
95.430000 76.630920 -30.607315
95.364212 76.630806 -30.607315
95.101089 76.627991 -30.253048
94.969574 76.625168 -30.253048
99.438370 76.410561 -30.409613
99.310837 76.438164 -30.000000
95.627357 76.575974 -30.050461
100.096558 76.308762 -30.410797
100.033524 76.324890 -30.000000
99.235703 76.343872 -30.407246
99.044014 76.383026 -30.712679
98.979935 76.395645 -30.509056
98.915764 76.408051 -30.509056
95.298424 76.522667 -30.704391
95.101089 76.520187 -30.000000
93.724457 76.443588 -30.452824
99.501572 76.286064 -30.610867
96.021896 76.459656 -30.551823
95.956169 76.461670 -30.000000
95.890427 76.463440 -30.000000
95.758911 76.466286 -30.000000
95.430000 76.469246 -30.150497
95.364212 76.469131 -30.000000
95.298424 76.468773 -30.601990
95.166862 76.467346 -30.250828
94.575363 76.449249 -30.000000
86.821800 75.766899 -30.752041
99.501358 76.230873 -30.710608
99.437782 76.245110 -30.659849
96.284630 76.395294 -30.000000
96.021896 76.405731 -30.250088
95.693138 76.413452 -30.450161
95.495789 76.415237 -30.000000
95.166862 76.413452 -30.400143
100.221268 76.108856 -30.559963
99.373917 76.204010 -30.708534
99.310150 76.217857 -30.657925
99.107513 76.205307 -30.403694
96.087608 76.349556 -30.398958
95.758911 76.358482 -30.000000
95.561577 76.360985 -30.448828
95.495789 76.361343 -30.548569
99.373726 76.148880 -30.100924
96.218971 76.290375 -30.149166
94.772400 76.295624 -30.000000
99.766518 76.058044 -30.555079
99.373535 76.093742 -30.553452
99.171013 76.082123 -30.501657
96.218971 76.236435 -30.644459
95.627357 76.252602 -30.148722
95.561577 76.253204 -30.000000
100.484543 75.924286 -30.455486
99.766258 76.002647 -30.553452
99.563889 75.995407 -30.000000
99.500473 76.010010 -30.050167
99.170830 76.027100 -30.700249
98.979095 76.066254 -30.600212
95.956161 76.192093 -30.098850
95.890427 76.193901 -30.000000
95.693138 76.197861 -30.395407
93.197998 76.115173 -30.446163
90.313187 75.906418 -30.657925
99.968491 75.952171 -30.301884
99.563644 75.940125 -30.250088
99.500244 75.954781 -30.350124
96.546967 76.111107 -30.049278
96.481422 76.115067 -30.591335
96.415840 76.118797 -30.542057
96.350243 76.122284 -30.591335
96.218964 76.128548 -30.394222
96.153290 76.131317 -30.246389
96.087601 76.133850 -30.394222
95.956161 76.138184 -30.591335
95.758911 76.142883 -30.542057
94.903839 76.138184 -30.640612
99.702484 75.907204 -30.450161
99.170456 75.917030 -30.546940
98.914726 75.969101 -30.298330
96.350235 76.068329 -30.343910
96.218956 76.074600 -30.343910
96.021889 76.082214 -30.147388
99.967926 75.841042 -30.600212
99.436317 75.858810 -30.696106
99.042618 75.888535 -30.446163
96.677948 75.994408 -30.000000
96.546951 76.003113 -30.685745
96.153282 76.023445 -30.000000
100.156136 75.735748 -30.099739
96.612450 75.944870 -30.146502
96.350227 75.960396 -30.195335
98.978348 75.791603 -30.640612
96.939476 75.865959 -30.000000
96.874146 75.871422 -30.000000
96.677917 75.886360 -30.000000
95.956161 75.922523 -30.486858
95.890419 75.924347 -30.535545
93.719604 75.901779 -30.586006
100.232269 75.659164 -30.000000
98.978195 75.736649 -30.540428
96.808754 75.822586 -30.436842
96.677910 75.832336 -30.048538
96.612434 75.836845 -30.436842
100.092407 75.585464 -30.197704
96.677895 75.778305 -30.048389
96.612419 75.782837 -30.532290
96.284592 75.801819 -30.629070
98.913887 75.639641 -30.439507
97.004684 75.697945 -30.048241
96.284584 75.747864 -30.530663
102.782188 75.159760 -30.507576
99.966141 75.507431 -30.343910
98.849663 75.597427 -30.632917
96.481361 75.683182 -30.577129
96.415794 75.687004 -30.625221
96.284576 75.693901 -30.336658
96.218933 75.696991 -30.529034
103.451492 75.032921 -30.716824
99.902885 75.468224 -30.685745
98.913589 75.529778 -30.582455
98.849525 75.542526 -30.048538
97.205643 75.624527 -30.625221
97.140305 75.631058 -30.432846
97.069862 75.583694 -30.383568
96.808685 75.606354 -30.383568
96.743294 75.611412 -30.479460
100.028320 75.379463 -30.586006
98.913437 75.474831 -30.338730
97.004608 75.535614 -30.143394
96.743271 75.557373 -30.382385
96.546875 75.571114 -30.430183
96.481346 75.575203 -30.000000
96.415779 75.579041 -30.000000
95.035332 75.602509 -30.477982
93.920662 75.541420 -30.621374
100.090645 75.306808 -30.146057
100.027985 75.323761 -30.389488
98.913284 75.419884 -30.675388
97.336105 75.502304 -30.669172
97.270882 75.509369 -30.573576
97.205605 75.516182 -30.525780
97.140274 75.522758 -30.573576
97.069801 75.475433 -30.190601
97.004578 75.481506 -30.095299
96.808647 75.498238 -30.095299
94.378662 75.521210 -30.524151
94.313133 75.517105 -30.619450
100.090279 75.251053 -30.630993
100.027641 75.268044 -30.679531
98.977066 75.351830 -30.336658
97.270851 75.455170 -30.571800
97.205582 75.462006 -30.428850
97.140251 75.468605 -30.381201
96.939285 75.433235 -30.570024
96.873978 75.438828 -30.142506
96.743240 75.449280 -30.522522
96.677818 75.454132 -30.190008
96.021873 75.489075 -30.522522
97.466316 75.378929 -30.190008
97.401207 75.386520 -30.142506
97.336044 75.393875 -30.095005
97.270828 75.400978 -30.000000
96.873962 75.384750 -30.615604
95.035332 75.440788 -30.000000
97.596298 75.308701 -30.473541
95.035332 75.386887 -30.519268
97.596245 75.254387 -30.519268
97.466232 75.270401 -30.566473
97.335983 75.285431 -30.283237
94.444252 75.309151 -30.611755
89.257019 74.935966 -30.685745
97.596199 75.200066 -30.376465
97.798096 75.173119 -30.611755
97.531181 75.153923 -30.609833
97.270721 75.184174 -30.328371
97.798042 75.118713 -30.609833
97.596092 75.091415 -30.000000
93.458969 75.115295 -30.514383
97.596039 75.037094 -30.652599
96.873833 75.060249 -30.000000
98.452850 74.959305 -30.420860
97.862823 75.000618 -30.419529
98.783768 74.896233 -30.654671
98.388382 74.916084 -30.512756
97.992294 74.926842 -30.511127
97.927567 74.936630 -30.278797
97.797890 74.955467 -30.557594
98.911499 74.815010 -30.419529
98.121429 74.851959 -30.000000
98.121338 74.797386 -30.461702
97.660683 74.811172 -30.322155
94.903862 74.898102 -30.000000
94.838142 74.895905 -30.091747
93.589447 74.858917 -30.322155
98.580765 74.716324 -30.046169
96.612206 74.810486 -30.457264
95.035339 74.847824 -30.365810
98.516495 74.673637 -30.092045
98.452271 74.685539 -30.092045
96.808357 74.687195 -30.227152
102.069839 74.232536 -30.619450
96.350090 74.665138 -30.588671
95.364212 74.690689 -30.543388
95.101097 74.687546 -30.181129
96.873619 74.573418 -30.361076
95.430000 74.636932 -30.631882
97.139908 74.547752 -30.586746
95.298424 74.582512 -30.539837
95.430000 74.529152 -30.582899
95.890404 74.468742 -30.580975
95.627357 74.474060 -30.625666
97.335411 74.363335 -30.536285
96.021843 74.410568 -30.445423
95.693138 74.419235 -30.222713
95.627357 74.420166 -30.178169
96.808205 74.308624 -30.221973
96.612083 74.324203 -30.177578
93.200050 74.212952 -30.355156
97.400345 74.192665 -30.575203
95.561577 74.259155 -30.396887
97.003815 74.128235 -30.527405
103.371201 73.447365 -30.660885
92.804504 74.043625 -30.529182
96.546501 73.788628 -30.514977
96.284409 73.805191 -30.429146
93.200714 73.723190 -30.344501
96.742607 73.611084 -30.254826
96.546463 73.626534 -30.127411
96.349960 73.639503 -30.594589
97.008919 73.586082 -30.509647
97.139427 73.517906 -30.380905
97.008896 73.531906 -30.550196
96.873077 73.491158 -30.421747
99.108246 73.334091 -30.000000
99.044960 73.349335 -30.555965
97.269669 73.448524 -30.210873
97.204567 73.456238 -30.210873
97.139404 73.463684 -30.421747
96.677216 73.454308 -30.336214
97.731369 73.385704 -30.168699
97.529327 73.360550 -30.000000
97.334663 73.386238 -30.252159
97.269630 73.394249 -30.546349
97.074142 73.416641 -30.378241
96.938187 73.376564 -30.083757
97.334618 73.331924 -30.544424
97.008842 73.369377 -30.376909
97.989517 73.235016 -30.418789
97.464386 73.260643 -30.500771
97.399513 73.269264 -30.500771
97.334572 73.277611 -30.166924
97.008820 73.315193 -30.500771
99.309563 73.116745 -30.507874
99.107178 73.112419 -30.548271
97.924988 73.191223 -30.083462
97.795868 73.212143 -30.041731
97.666389 73.231979 -30.292114
97.139282 73.246758 -30.041584
97.008797 73.261009 -30.166332
98.191750 73.144379 -30.542500
98.117836 73.103088 -30.582159
97.529045 73.142937 -30.207174
97.464264 73.151894 -30.000000
97.399406 73.160576 -30.000000
97.204391 73.184952 -30.000000
97.074043 73.199814 -30.455784
97.008774 73.206825 -30.580088
98.447937 73.039764 -30.457411
97.795708 73.103043 -30.041435
97.593674 73.079262 -30.495441
97.269424 73.122810 -30.000000
97.139221 73.138283 -30.330296
97.074020 73.145599 -30.330296
98.319855 73.010338 -30.290043
98.191521 73.034805 -30.124306
97.666214 73.068527 -30.000000
97.464142 73.043129 -30.082277
99.496284 72.843330 -30.208654
98.319710 72.955452 -30.289009
98.191406 72.980003 -30.371582
97.988960 72.961700 -30.000000
97.860107 72.983459 -30.000000
97.795547 72.993927 -30.411388
97.730888 73.004120 -30.493668
97.464073 72.988739 -30.122972
97.399239 72.997513 -30.000000
98.255478 72.913017 -30.411388
98.053116 72.895699 -30.000000
97.795464 72.939362 -30.409908
97.528755 72.925262 -30.285900
97.399178 72.943153 -30.326744
98.522087 72.859299 -30.452528
98.383377 72.832901 -30.204954
97.795380 72.884796 -30.326744
97.399117 72.888786 -30.000000
99.432655 72.693192 -30.082573
98.915627 72.770744 -30.575943
98.319260 72.790764 -30.163372
97.988609 72.797653 -30.406948
97.859833 72.819641 -30.000000
98.446854 72.709877 -30.244169
97.924164 72.754128 -30.081093
97.593170 72.752502 -30.040398
99.508919 72.615913 -30.370251
98.712624 72.652069 -30.244169
98.585396 72.680382 -30.529034
98.521591 72.694138 -30.244169
98.190788 72.705910 -30.567657
99.508553 72.560005 -30.163963
99.104240 72.557503 -30.000000
98.775810 72.582245 -30.446016
98.521423 72.639061 -30.527111
98.254784 72.638672 -30.323193
97.923943 72.644798 -30.442760
99.243271 72.521202 -30.000000
99.103928 72.501945 -30.486565
98.838814 72.512047 -30.121197
98.521255 72.583984 -30.525187
98.382515 72.558083 -30.442760
98.318634 72.571075 -30.483013
98.648445 72.500824 -30.362259
98.584824 72.514992 -30.523262
98.254486 72.528893 -30.000000
99.569725 72.374138 -30.364922
99.179771 72.426521 -30.444389
98.977341 72.422813 -30.120754
98.711708 72.431137 -30.280720
98.977058 72.367332 -30.320824
98.850609 72.398392 -30.441132
98.318138 72.406227 -30.159229
99.367088 72.263931 -30.401030

